-0.0000000000
-0.0004053957
-0.0005453185
-0.0002879016
0.0002408531
0.0006903705
0.0006866799
0.0001149613
-0.0007109831
-0.0011759502
-0.0007859426
0.0003770442
0.0015529260
0.0017541253
0.0005432246
-0.0014427996
-0.0027454002
-0.0021045464
0.0004294955
0.0032168703
0.0040189444
0.0017214970
-0.0024879469
-0.0055916407
-0.0048264935
0.0000000002
0.0058196586
0.0081332697
0.0043693557
-0.0036552933
-0.0103361789
-0.0100442042
-0.0016326503
0.0097721555
0.0156320251
0.0101186360
-0.0047162021
-0.0189600075
-0.0210309618
-0.0064434717
0.0170839821
0.0328046724
0.0257144227
-0.0054554609
-0.0433914911
-0.0592450483
-0.0289013330
0.0507523210
0.1559321084
0.2452962501
0.2802935448
0.2452962502
0.1559321085
0.0507523210
-0.0289013330
-0.0592450483
-0.0433914911
-0.0054554609
0.0257144228
0.0328046724
0.0170839821
-0.0064434718
-0.0210309619
-0.0189600075
-0.0047162021
0.0101186361
0.0156320252
0.0097721555
-0.0016326503
-0.0100442042
-0.0103361790
-0.0036552934
0.0043693558
0.0081332697
0.0058196587
0.0000000002
-0.0048264935
-0.0055916408
-0.0024879469
0.0017214970
0.0040189445
0.0032168703
0.0004294955
-0.0021045464
-0.0027454003
-0.0014427996
0.0005432246
0.0017541253
0.0015529261
0.0003770442
-0.0007859427
-0.0011759502
-0.0007109832
0.0001149613
0.0006866799
0.0006903705
0.0002408531
-0.0002879016
-0.0005453185
-0.0004053957
-0.0000000000
