0.0000000000
-0.0004053957
-0.0005453185
-0.0002879017
0.0002408530
0.0006903705
0.0006866799
0.0001149614
-0.0007109831
-0.0011759502
-0.0007859427
0.0003770442
0.0015529260
0.0017541253
0.0005432247
-0.0014427995
-0.0027454002
-0.0021045465
0.0004294954
0.0032168702
0.0040189445
0.0017214971
-0.0024879468
-0.0055916407
-0.0048264936
-0.0000000000
0.0058196585
0.0081332698
0.0043693559
-0.0036552932
-0.0103361789
-0.0100442043
-0.0016326505
0.0097721553
0.0156320252
0.0101186363
-0.0047162018
-0.0189600074
-0.0210309619
-0.0064434720
0.0170839818
0.0328046724
0.0257144230
-0.0054554606
-0.0433914909
-0.0592450484
-0.0289013333
0.0507523207
0.1559321084
0.2452962503
0.2802935451
0.2452962503
0.1559321084
0.0507523207
-0.0289013333
-0.0592450484
-0.0433914909
-0.0054554606
0.0257144230
0.0328046724
0.0170839818
-0.0064434720
-0.0210309619
-0.0189600074
-0.0047162018
0.0101186363
0.0156320252
0.0097721553
-0.0016326505
-0.0100442043
-0.0103361789
-0.0036552932
0.0043693559
0.0081332698
0.0058196585
-0.0000000000
-0.0048264936
-0.0055916407
-0.0024879468
0.0017214971
0.0040189445
0.0032168702
0.0004294954
-0.0021045465
-0.0027454002
-0.0014427995
0.0005432247
0.0017541253
0.0015529260
0.0003770442
-0.0007859427
-0.0011759502
-0.0007109831
0.0001149614
0.0006866799
0.0006903705
0.0002408530
-0.0002879017
-0.0005453185
-0.0004053957
0.0000000000
